accuracy=0.9999377131462097
precision=0.989108145236969
recall=0.9831647872924805
iou=0.9726346731185913
num=16777216
tp=37142
fp=409
fn=636
cd=1.6923247578528082e-06
loss=0.009793621487915516
size=16519
architecture=[(96, 'relu'), (16, 'relu'), (48, 'relu'), (64, 'elu')]
