type=sample_in_mask_with_neighbour
resolution=torch.Size([256, 256, 256])
voxel_size=0.0078125
voxel_num=16777216
object_num=37551
voxel_rate=0.0022382140159606934
kernel_num=37551
support_sum=113530
unsupport_sum=191891
scale=2
support_num_scaled=227060
shuffle=True
