accuracy=0.9998793005943298
precision=0.9873536825180054
recall=0.9755567908287048
iou=0.9635174870491028
num=16777216
tp=53481
fp=685
fn=1340
cd=2.2693838849000104e-06
loss=0.012421855702996254
size=28151
architecture={'main': [(96, 'relu'), (96, 'relu'), (32, 'swish'), (48, 'elu'), (64, 'swish'), (1, '')], 'skip': []}
