type=sample_in_mask_with_neighbour
resolution=torch.Size([256, 256, 256])
voxel_size=0.0078125
voxel_num=16777216
object_num=54166
voxel_rate=0.0032285451889038086
kernel_num=54166
support_sum=159225
unsupport_sum=248805
scale=2
support_num_scaled=318450
shuffle=True
