accuracy=0.999898374080658
precision=0.9891654253005981
recall=0.9868126511573792
iou=0.9762604236602783
num=16777216
tp=70116
fp=768
fn=937
cd=1.4661829859610845e-06
loss=0.012165390886366367
size=29703
architecture={'main': [(48, 'elu'), (128, 'elu'), (32, 'swish'), (64, 'swish'), (128, 'swish'), (1, '')], 'skip': []}
