type=sample_in_mask_with_neighbour
resolution=torch.Size([256, 256, 256])
voxel_size=0.0078125
voxel_num=16777216
object_num=70884
voxel_rate=0.004225015640258789
kernel_num=70884
support_sum=200270
unsupport_sum=253668
scale=2
support_num_scaled=400540
shuffle=True
