accuracy=0.999976396560669
precision=0.9986813068389893
recall=0.9964004158973694
iou=0.9950911998748779
num=16777216
tp=80275
fp=106
fn=290
cd=3.0018906118332273e-07
loss=0.0023422930389642715
size=36423
architecture=[(32, 'elu'), (128, 'swish'), (128, 'swish'), (16, 'elu'), (48, 'swish'), (96, 'relu')]
