accuracy=0.9999403953552246
precision=0.9972791075706482
recall=0.9944413900375366
iou=0.9917506575584412
num=16777216
tp=120222
fp=328
fn=672
cd=5.053375993729543e-07
loss=0.003573992056772113
size=35207
architecture={'main': [(128, 'swish'), (128, 'swish'), (32, 'relu'), (16, 'swish'), (48, 'relu'), (16, 'relu'), (1, '')], 'skip': []}
