type=sample_in_mask_with_neighbour
resolution=torch.Size([256, 256, 256])
voxel_size=0.0078125
voxel_num=16777216
object_num=120550
voxel_rate=0.00718533992767334
kernel_num=120550
support_sum=356472
unsupport_sum=554599
scale=2
support_num_scaled=712944
shuffle=True
