accuracy=0.9999552965164185
precision=0.997499942779541
recall=0.9972190260887146
iou=0.9947328567504883
num=16777216
tp=141642
fp=355
fn=395
cd=3.223277796072519e-07
loss=0.0026766571681946516
size=28695
architecture={'main': [(128, 'swish'), (32, 'elu'), (96, 'swish'), (64, 'swish'), (16, 'elu'), (96, 'relu'), (1, '')], 'skip': []}
