accuracy=0.9999988079071045
precision=0.9999178647994995
recall=0.9999327659606934
iou=0.9998506307601929
num=16777216
tp=133866
fp=11
fn=9
cd=9.118155705666866e-09
loss=0.00040130779962055385
size=55943
architecture={'main': [(96, 'swish'), (96, 'swish'), (128, 'elu'), (96, 'swish'), (96, 'swish'), (16, 'swish'), (1, '')], 'skip': []}
