accuracy=0.9998964667320251
precision=0.9963074922561646
recall=0.9961473941802979
iou=0.9924831986427307
num=16777216
tp=229346
fp=850
fn=887
cd=4.613131508649668e-07
loss=0.003256686730310321
size=50183
architecture={'main': [(48, 'elu'), (128, 'swish'), (128, 'elu'), (64, 'elu'), (128, 'elu'), (16, 'swish'), (1, '')], 'skip': []}
