type=sample_in_mask_with_neighbour
resolution=torch.Size([256, 256, 256])
voxel_size=0.0078125
voxel_num=16777216
object_num=230196
voxel_rate=0.01372075080871582
kernel_num=230196
support_sum=684084
unsupport_sum=1072784
scale=2
support_num_scaled=1368168
shuffle=True
