accuracy=0.9998175501823425
precision=0.9886705875396729
recall=0.987330436706543
iou=0.9762847423553467
num=16777216
tp=126012
fp=1444
fn=1617
cd=1.481038944927124e-06
loss=0.008754006586968899
size=43607
architecture={'main': [(128, 'relu'), (128, 'swish'), (48, 'relu'), (64, 'elu'), (32, 'elu'), (96, 'elu'), (1, '')], 'skip': []}
