accuracy=0.9999780058860779
precision=0.9978477954864502
recall=0.9979500770568848
iou=0.9958066940307617
num=16777216
tp=87628
fp=189
fn=180
cd=2.564776605309356e-07
loss=0.001684724586084485
size=33847
architecture={'main': [(128, 'swish'), (128, 'swish'), (16, 'swish'), (16, 'elu'), (16, 'elu'), (128, 'swish'), (1, '')], 'skip': []}
