accuracy=0.9999783039093018
precision=0.9984010457992554
recall=0.9984185099601746
iou=0.9968246221542358
num=16777216
tp=114268
fp=183
fn=181
cd=1.9411791883017973e-07
loss=0.0014683895278722048
size=34999
architecture={'main': [(64, 'swish'), (128, 'swish'), (48, 'swish'), (32, 'relu'), (96, 'elu'), (64, 'elu'), (1, '')], 'skip': []}
