accuracy=0.9999725818634033
precision=0.9976835250854492
recall=0.9975808262825012
iou=0.9952755570411682
num=16777216
tp=96906
fp=225
fn=235
cd=2.8903949649994613e-07
loss=0.001849137363024056
size=26215
architecture=[(64, 'elu'), (48, 'elu'), (64, 'swish'), (64, 'swish'), (48, 'swish'), (64, 'elu')]
