accuracy=0.9999028444290161
precision=0.9912604689598083
recall=0.9895075559616089
iou=0.9809496998786926
num=16777216
tp=83933
fp=740
fn=890
cd=1.1738245196931093e-06
loss=0.006112162955105305
size=27847
architecture=[(32, 'elu'), (64, 'swish'), (128, 'elu'), (32, 'elu'), (64, 'swish'), (48, 'relu')]
