accuracy=0.9999713897705078
precision=0.9972034692764282
recall=0.9987145662307739
iou=0.9959251880645752
num=16777216
tp=117317
fp=329
fn=151
cd=2.491443868082185e-07
loss=0.002341260202229023
size=30903
architecture={'main': [(48, 'swish'), (48, 'elu'), (64, 'swish'), (64, 'elu'), (96, 'swish'), (64, 'elu'), (1, '')], 'skip': []}
