accuracy=0.9998750686645508
precision=0.9930434823036194
recall=0.9908121824264526
iou=0.983982503414154
num=16777216
tp=128761
fp=902
fn=1194
cd=9.8536930476066e-07
loss=0.006201503332704306
size=28759
architecture={'main': [(96, 'swish'), (64, 'swish'), (96, 'swish'), (16, 'elu'), (32, 'relu'), (96, 'relu'), (1, '')], 'skip': []}
