type=sample_in_mask_with_neighbour
resolution=torch.Size([256, 256, 256])
voxel_size=0.0078125
voxel_num=16777216
object_num=129663
voxel_rate=0.007728517055511475
kernel_num=129663
support_sum=380352
unsupport_sum=599972
scale=2
support_num_scaled=760704
shuffle=True
