accuracy=1.0
precision=1.0
recall=1.0
iou=1.0
num=32768
tp=2077
fp=0
fn=0
cd=0.0
loss=0.00015878530393820256
size=8137
architecture={'main': [(36, 'relu'), (36, 'relu'), (48, 'relu'), (36, 'elu'), (48, 'relu'), (1, '')], 'skip': []}
search_num=1

accuracy=1.0
precision=1.0
recall=1.0
iou=1.0
num=32768
tp=2077
fp=0
fn=0
cd=0.0
loss=7.60120601626113e-05
architecture={'main': [(36, 'relu'), (36, 'relu'), (48, 'relu'), (36, 'elu'), (48, 'relu'), (1, '')], 'skip': []}
size=8137
search_num=2

accuracy=1.0
precision=1.0
recall=1.0
iou=1.0
num=32768
tp=2077
fp=0
fn=0
cd=0.0
loss=0.0006864877650514245
architecture={'main': [(48, 'relu'), (16, 'relu'), (32, 'relu'), (32, 'relu'), (24, 'swish'), (1, '')], 'skip': []}
size=5121
search_num=3

