accuracy=0.9999945163726807
precision=0.999704897403717
recall=0.9995409846305847
iou=0.9992461204528809
num=16777216
tp=121944
fp=36
fn=56
cd=4.602946427491473e-08
loss=0.0005405204719863832
size=37943
architecture={'main': [(96, 'swish'), (128, 'elu'), (64, 'elu'), (48, 'elu'), (32, 'relu'), (48, 'elu'), (1, '')], 'skip': []}
