type=sample_in_mask_with_neighbour
resolution=torch.Size([256, 256, 256])
voxel_size=0.0078125
voxel_num=16777216
object_num=121980
voxel_rate=0.0072705745697021484
kernel_num=121980
support_sum=364339
unsupport_sum=621824
scale=2
support_num_scaled=728678
shuffle=True
