accuracy=0.9999949336051941
precision=0.9997982978820801
recall=0.9995667934417725
iou=0.9993652701377869
num=16777216
tp=133832
fp=27
fn=58
cd=3.875098905678997e-08
loss=0.0006207033875398338
size=52151
architecture={'main': [(64, 'elu'), (128, 'swish'), (128, 'elu'), (96, 'swish'), (48, 'relu'), (16, 'relu'), (1, '')], 'skip': []}
