accuracy=0.9999838471412659
precision=0.9989595413208008
recall=0.9987295866012573
iou=0.997691810131073
num=16777216
tp=117136
fp=122
fn=149
cd=1.410431166581451e-07
loss=0.0014066059375181794
size=29607
architecture={'main': [(128, 'swish'), (64, 'swish'), (64, 'swish'), (32, 'elu'), (32, 'elu'), (48, 'swish'), (1, '')], 'skip': []}
