type=sample_in_mask_with_neighbour
resolution=torch.Size([256, 256, 256])
voxel_size=0.0078125
voxel_num=16777216
object_num=117258
voxel_rate=0.006989121437072754
kernel_num=117258
support_sum=348840
unsupport_sum=557227
scale=2
support_num_scaled=697680
shuffle=True
