accuracy=0.9999978542327881
precision=0.9998562335968018
recall=0.9998713731765747
iou=0.9997276067733765
num=16777216
tp=132133
fp=19
fn=17
cd=1.662692451368057e-08
loss=0.00036161165917292237
size=49719
architecture={'main': [(128, 'elu'), (128, 'swish'), (96, 'swish'), (64, 'swish'), (16, 'relu'), (64, 'swish'), (1, '')], 'skip': []}
