type=sample_in_mask_with_neighbour
resolution=torch.Size([256, 256, 256])
voxel_size=0.0078125
voxel_num=16777216
object_num=132152
voxel_rate=0.007876873016357422
kernel_num=132152
support_sum=393634
unsupport_sum=610572
scale=2
support_num_scaled=787268
shuffle=True
