accuracy=0.9999832510948181
precision=0.9991676211357117
recall=0.998744547367096
iou=0.9979143142700195
num=16777216
tp=134446
fp=112
fn=169
cd=1.2742840450115914e-07
loss=0.001596681191585958
size=40727
architecture={'main': [(64, 'swish'), (32, 'swish'), (128, 'elu'), (48, 'swish'), (128, 'elu'), (96, 'swish'), (1, '')], 'skip': []}
