type=sample_in_mask_with_neighbour
resolution=torch.Size([256, 256, 256])
voxel_size=0.0078125
voxel_num=16777216
object_num=134558
voxel_rate=0.008020281791687012
kernel_num=134558
support_sum=402347
unsupport_sum=659763
scale=2
support_num_scaled=804694
shuffle=True
