accuracy=0.999858558177948
precision=0.987906813621521
recall=0.9943313598632812
iou=0.9823740720748901
num=16777216
tp=132258
fp=1619
fn=754
cd=1.0840973810946975e-06
loss=0.005794175434857607
size=53959
