type=sample_in_mask_with_neighbour
resolution=torch.Size([256, 256, 256])
voxel_size=0.0078125
voxel_num=16777216
object_num=133877
voxel_rate=0.00797969102859497
kernel_num=133877
support_sum=400853
unsupport_sum=648627
scale=2
support_num_scaled=801706
shuffle=True
