accuracy=0.9999802112579346
precision=0.9961361289024353
recall=0.9964047074317932
iou=0.9925685524940491
num=16777216
tp=44343
fp=172
fn=160
cd=4.552691255631553e-07
loss=0.0027430374175310135
size=28583
architecture={'main': [(64, 'swish'), (96, 'swish'), (64, 'elu'), (16, 'swish'), (48, 'elu'), (96, 'elu'), (1, '')], 'skip': []}
