accuracy=0.999771237373352
precision=0.986202597618103
recall=0.9820310473442078
iou=0.9687217473983765
num=16777216
tp=118867
fp=1663
fn=2175
cd=1.9988704901603005e-06
loss=0.011652204208076
size=39687
architecture={'main': [(128, 'relu'), (96, 'elu'), (64, 'swish'), (48, 'swish'), (48, 'relu'), (64, 'swish'), (1, '')], 'skip': []}
