accuracy=0.9998705983161926
precision=0.9871454238891602
recall=0.9893986582756042
iou=0.9768134951591492
num=16777216
tp=91461
fp=1191
fn=980
cd=1.4349318668843738e-06
loss=0.009414318948984146
size=35655
architecture={'main': [(96, 'swish'), (48, 'elu'), (96, 'relu'), (128, 'elu'), (16, 'elu'), (48, 'relu'), (1, '')], 'skip': []}
