accuracy=0.9998994469642639
precision=0.9947063326835632
recall=0.9944702386856079
iou=0.9892347455024719
num=16777216
tp=155021
fp=825
fn=862
cd=6.606125320403529e-07
loss=0.003836545627564192
size=28535
architecture=[(128, 'swish'), (48, 'elu'), (64, 'elu'), (64, 'relu'), (32, 'elu'), (16, 'swish')]
