accuracy=0.9999343752861023
precision=0.9951594471931458
recall=0.9921749234199524
iou=0.9874096512794495
num=16777216
tp=86347
fp=420
fn=681
cd=7.730479597748802e-07
loss=0.005071137100458145
size=20615
architecture={'main': [(96, 'swish'), (64, 'swish'), (16, 'relu'), (64, 'relu'), (16, 'relu'), (16, 'relu'), (1, '')], 'skip': []}
