accuracy=0.9999949336051941
precision=0.9995721578598022
recall=0.9993889331817627
iou=0.9989616274833679
num=16777216
tp=81776
fp=35
fn=50
cd=6.340747388217815e-08
loss=0.00065791723318398
size=45095
architecture={'main': [(128, 'swish'), (96, 'elu'), (96, 'relu'), (32, 'elu'), (96, 'relu'), (48, 'swish'), (1, '')], 'skip': []}
