type=sample_in_mask_with_neighbour
resolution=torch.Size([256, 256, 256])
voxel_size=0.0078125
voxel_num=16777216
object_num=81811
voxel_rate=0.004876315593719482
kernel_num=81811
support_sum=244028
unsupport_sum=407595
scale=2
support_num_scaled=488056
shuffle=True
