accuracy=0.999995231628418
precision=0.9996107816696167
recall=0.999740481376648
iou=0.999351441860199
num=16777216
tp=123274
fp=48
fn=32
cd=3.959606505363969e-08
loss=0.00047074639587663114
size=36023
architecture={'main': [(64, 'elu'), (128, 'swish'), (48, 'swish'), (32, 'swish'), (128, 'swish'), (48, 'elu'), (1, '')], 'skip': []}
