accuracy=0.9999682307243347
precision=0.9979152679443359
recall=0.9977948069572449
iou=0.9957192540168762
num=16777216
tp=123978
fp=259
fn=274
cd=2.618360018683029e-07
loss=0.001777332741767168
size=36455
architecture={'main': [(64, 'elu'), (96, 'swish'), (96, 'swish'), (64, 'relu'), (64, 'swish'), (16, 'swish'), (1, '')], 'skip': []}
