accuracy=0.9999948740005493
precision=0.999793529510498
recall=0.9995235800743103
iou=0.9993172883987427
num=16777216
tp=125886
fp=26
fn=60
cd=4.1680180011159564e-08
loss=0.0009431472280994058
size=43975
architecture={'main': [(64, 'elu'), (48, 'elu'), (128, 'swish'), (128, 'swish'), (48, 'elu'), (48, 'relu'), (1, '')], 'skip': []}
