type=sample_in_mask_with_neighbour
resolution=torch.Size([256, 256, 256])
voxel_size=0.0078125
voxel_num=16777216
object_num=125912
voxel_rate=0.007504940032958984
kernel_num=125912
support_sum=375755
unsupport_sum=605215
scale=2
support_num_scaled=751510
shuffle=True
