accuracy=0.9997938871383667
precision=0.9772029519081116
recall=0.9847798943519592
iou=0.9626638293266296
num=16777216
tp=89160
fp=2080
fn=1378
cd=2.321051484460419e-06
loss=0.012005770578980446
size=31287
architecture=[(96, 'relu'), (48, 'relu'), (96, 'relu'), (32, 'relu'), (96, 'swish'), (48, 'elu')]
