accuracy=0.9999982714653015
precision=0.9999178051948547
recall=0.9998173117637634
iou=0.9997351169586182
num=16777216
tp=109464
fp=9
fn=20
cd=1.616742836697624e-08
loss=0.0005311390850692987
size=59143
architecture={'main': [(64, 'elu'), (128, 'elu'), (128, 'elu'), (96, 'swish'), (96, 'elu'), (32, 'swish'), (1, '')], 'skip': []}
