accuracy=0.9999860525131226
precision=0.9997338652610779
recall=0.9979630708694458
iou=0.9976980090141296
num=16777216
tp=101417
fp=27
fn=207
cd=1.4056867125195926e-07
loss=0.001225146697834134
size=30215
architecture={'main': [(128, 'elu'), (96, 'relu'), (16, 'relu'), (64, 'elu'), (16, 'elu'), (96, 'relu'), (1, '')], 'skip': []}
