accuracy=0.9999953508377075
precision=0.9993002414703369
recall=0.9997420907020569
iou=0.9990426898002625
num=16777216
tp=81400
fp=57
fn=21
cd=5.845180774438993e-08
loss=0.0006397049291990697
size=32519
architecture=[(64, 'swish'), (96, 'relu'), (64, 'relu'), (64, 'relu'), (32, 'swish'), (128, 'relu')]
