type=sample_in_mask_with_neighbour
resolution=torch.Size([256, 256, 256])
voxel_size=0.0078125
voxel_num=16777216
object_num=81457
voxel_rate=0.004855215549468994
kernel_num=81457
support_sum=245794
unsupport_sum=415720
scale=2
support_num_scaled=491588
shuffle=True
