accuracy=0.9999886155128479
precision=0.9993621110916138
recall=0.9992534518241882
iou=0.9986165165901184
num=16777216
tp=137865
fp=88
fn=103
cd=8.450002070908597e-08
loss=0.0011656287824735045
size=44311
architecture={'main': [(64, 'elu'), (48, 'elu'), (96, 'swish'), (128, 'elu'), (64, 'relu'), (96, 'swish'), (1, '')], 'skip': []}
