accuracy=0.999941885471344
precision=0.9927182793617249
recall=0.9907887578010559
iou=0.9836401343345642
num=16777216
tp=58622
fp=430
fn=545
cd=1.008711922971097e-06
loss=0.005493784788995981
size=25623
architecture=[(96, 'swish'), (48, 'relu'), (32, 'relu'), (96, 'relu'), (32, 'elu'), (64, 'elu')]
