accuracy=0.9999873638153076
precision=0.9997849464416504
recall=0.997819721698761
iou=0.9976056218147278
num=16777216
tp=88329
fp=19
fn=193
cd=1.4619797420835076e-07
loss=0.0017069174209609628
size=57047
architecture={'main': [(128, 'relu'), (128, 'relu'), (64, 'elu'), (16, 'elu'), (128, 'relu'), (128, 'relu'), (1, '')], 'skip': []}
