accuracy=0.9999974966049194
precision=0.9996370077133179
recall=0.9996700286865234
iou=0.9993072748184204
num=16777216
tp=60587
fp=22
fn=20
cd=4.229597658893473e-08
loss=0.0007543749525211751
size=43655
architecture={'main': [(128, 'swish'), (96, 'swish'), (64, 'swish'), (32, 'swish'), (64, 'swish'), (128, 'relu'), (1, '')], 'skip': []}
