accuracy=0.9999988079071045
precision=0.9998372197151184
recall=0.9999302625656128
iou=0.999767541885376
num=16777216
tp=86007
fp=14
fn=6
cd=1.4191153160100062e-08
loss=0.00039528077468276024
size=46423
architecture={'main': [(64, 'elu'), (128, 'swish'), (96, 'swish'), (48, 'elu'), (64, 'elu'), (128, 'swish'), (1, '')], 'skip': []}
