type=sample_in_mask_with_neighbour
resolution=torch.Size([256, 256, 256])
voxel_size=0.0078125
voxel_num=16777216
object_num=86021
voxel_rate=0.005127251148223877
kernel_num=86021
support_sum=254278
unsupport_sum=386700
scale=2
support_num_scaled=508556
shuffle=True
