accuracy=0.9999793171882629
precision=0.998897135257721
recall=0.9969491362571716
iou=0.9958530068397522
num=16777216
tp=83328
fp=92
fn=255
cd=2.535225010626614e-07
loss=0.0019941870123147964
size=35575
architecture=[(128, 'swish'), (32, 'swish'), (64, 'swish'), (128, 'elu'), (48, 'swish'), (48, 'relu')]
