,accuracy,precision,recall,iou,num,tp,fp,fn,cd,loss,size,sequence,architecture,reward
0,1.0,1.0,1.0,1.0,32768,591,0,0,0.0,3.889147046720609e-05,18009,"[8, 12, 13, 6, 12, 5, 6, 15]","[(40, 'elu'), (64, 'swish'), (64, 'relu'), (40, 'swish'), (64, 'swish'), (32, 'elu'), (40, 'swish')]",-0.4750523175985985
1,0.999969482421875,1.0,0.9983108043670654,0.9983108043670654,32768,591,0,1,6.598395270270271e-06,0.00020697497529909015,11265,"[8, 14, 4, 8, 0, 8, 4, 15]","[(40, 'elu'), (64, 'elu'), (32, 'relu'), (40, 'elu'), (16, 'swish'), (40, 'elu'), (32, 'relu')]",-0.15577977187479655
2,0.999603271484375,1.0,0.9784768223762512,0.9784768223762512,32768,591,0,13,0.00010347682119205298,0.0014544959412887692,10329,"[0, 12, 6, 4, 8, 8, 5, 15]","[(16, 'swish'), (64, 'swish'), (40, 'swish'), (32, 'relu'), (40, 'elu'), (40, 'elu'), (32, 'elu')]",-0.11182989929352374
3,1.0,1.0,1.0,1.0,32768,591,0,0,0.0,2.504953954485245e-05,10473,"[8, 13, 6, 14, 15]","[(40, 'elu'), (64, 'relu'), (40, 'swish'), (64, 'elu')]",-0.11825102978078689
4,0.982177734375,0.15736040472984314,0.5195530652999878,0.1373707503080368,32768,93,498,86,0.03595870228709979,0.15521346032619476,64,[15],[],0.35675374876825794
5,1.0,1.0,1.0,1.0,32768,591,0,0,0.0,1.248567741640727e-06,15153,"[14, 13, 13, 2, 1, 0, 13, 15]","[(64, 'elu'), (64, 'relu'), (64, 'relu'), (16, 'elu'), (16, 'relu'), (16, 'swish'), (64, 'relu')]",-0.3398314473746508
6,1.0,1.0,1.0,1.0,32768,591,0,0,0.0,9.274065178033197e-07,15145,"[13, 10, 7, 11, 1, 10, 9, 15]","[(64, 'relu'), (48, 'relu'), (40, 'relu'), (48, 'elu'), (16, 'relu'), (48, 'relu'), (48, 'swish')]",-0.3394526774300459
7,1.0,1.0,1.0,1.0,32768,591,0,0,0.0,3.094416570093017e-06,16065,"[14, 10, 6, 7, 13, 4, 2, 15]","[(64, 'elu'), (48, 'relu'), (40, 'swish'), (40, 'relu'), (64, 'relu'), (32, 'relu'), (16, 'elu')]",-0.3830112210596089
8,0.999786376953125,0.9949238300323486,0.9932432174682617,0.9882352948188782,32768,588,3,4,4.6222261284126766e-05,0.0006425274186767638,5313,"[2, 8, 1, 10, 0, 8, 0, 15]","[(16, 'elu'), (40, 'elu'), (16, 'relu'), (48, 'relu'), (16, 'swish'), (40, 'elu'), (16, 'swish')]",0.1258419614424958
9,1.0,1.0,1.0,1.0,32768,591,0,0,0.0,5.182245513424277e-05,20033,"[14, 9, 11, 14, 13, 5, 4, 15]","[(64, 'elu'), (48, 'swish'), (48, 'elu'), (64, 'elu'), (64, 'relu'), (32, 'elu'), (32, 'relu')]",-0.5708811135836371
10,1.0,1.0,1.0,1.0,32768,591,0,0,0.0,1.8599050235934556e-05,9217,"[13, 9, 6, 15]","[(64, 'relu'), (48, 'swish'), (40, 'swish')]",-0.058784148477818265
11,1.0,1.0,1.0,1.0,32768,591,0,0,0.0,5.0288476813875604e-06,5809,"[7, 2, 10, 1, 1, 6, 15]","[(40, 'relu'), (16, 'elu'), (48, 'relu'), (16, 'relu'), (16, 'relu'), (40, 'swish')]",0.10257184792386725
12,1.0,1.0,1.0,1.0,32768,591,0,0,0.0,2.504991425666958e-05,6929,"[2, 7, 8, 1, 4, 11, 1, 15]","[(16, 'elu'), (40, 'relu'), (40, 'elu'), (16, 'relu'), (32, 'relu'), (48, 'elu'), (16, 'relu')]",0.049544055679181874
13,0.983001708984375,0.1675126850605011,0.6036585569381714,0.15091463923454285,32768,99,492,65,0.022713309848437953,0.16141748428344727,64,[15],[],0.35757772337763294
14,1.0,1.0,1.0,1.0,32768,591,0,0,0.0,7.541937520727515e-06,20489,"[9, 9, 13, 9, 7, 12, 12, 15]","[(48, 'swish'), (48, 'swish'), (64, 'relu'), (48, 'swish'), (40, 'relu'), (64, 'swish'), (64, 'swish')]",-0.5924710004261162
15,1.0,1.0,1.0,1.0,32768,591,0,0,0.0,1.0968061360472348e-05,16673,"[6, 12, 10, 14, 11, 3, 2, 15]","[(40, 'swish'), (64, 'swish'), (48, 'relu'), (64, 'elu'), (48, 'elu'), (32, 'swish'), (16, 'elu')]",-0.411797736849581
16,1.0,1.0,1.0,1.0,32768,591,0,0,0.0,3.6553012705553556e-06,17609,"[10, 10, 6, 14, 14, 5, 8, 15]","[(48, 'relu'), (48, 'relu'), (40, 'swish'), (64, 'elu'), (64, 'elu'), (32, 'elu'), (40, 'elu')]",-0.45611382036835374
17,0.9996337890625,0.989847719669342,0.989847719669342,0.979899525642395,32768,585,6,6,0.0009583862098138748,0.0010600092355161905,14081,"[11, 11, 11, 10, 4, 10, 1, 15]","[(48, 'elu'), (48, 'elu'), (48, 'elu'), (48, 'relu'), (32, 'relu'), (48, 'relu'), (16, 'relu')]",-0.2894424857350948
18,1.0,1.0,1.0,1.0,32768,591,0,0,0.0,3.5184780244890135e-06,9361,"[1, 5, 9, 5, 4, 9, 7, 15]","[(16, 'relu'), (32, 'elu'), (48, 'swish'), (32, 'elu'), (32, 'relu'), (48, 'swish'), (40, 'relu')]",-0.06560200748070638
19,1.0,1.0,1.0,1.0,32768,591,0,0,0.0,4.858975444221869e-06,10737,"[8, 1, 2, 7, 14, 6, 3, 15]","[(40, 'elu'), (16, 'relu'), (16, 'elu'), (40, 'relu'), (64, 'elu'), (40, 'swish'), (32, 'swish')]",-0.13075043795274843
20,0.999481201171875,0.9746192693710327,0.9965397715568542,0.9713321924209595,32768,576,15,2,0.0001126598370013876,0.0012357812374830246,9625,"[1, 1, 8, 4, 11, 9, 9, 15]","[(16, 'relu'), (16, 'relu'), (40, 'elu'), (32, 'relu'), (48, 'elu'), (48, 'swish'), (48, 'swish')]",-0.07862021448079294
21,1.0,1.0,1.0,1.0,32768,591,0,0,0.0,8.717706805327907e-05,8225,"[6, 6, 0, 6, 13, 15]","[(40, 'swish'), (40, 'swish'), (16, 'swish'), (40, 'swish'), (64, 'relu')]",-0.01181667534681121
22,0.997650146484375,0.9390863180160522,0.931208074092865,0.878164529800415,32768,555,36,41,0.0010309915617654074,0.010013117454946041,4161,"[12, 15]","[(64, 'swish')]",0.17824860299685075
23,1.0,1.0,1.0,1.0,32768,591,0,0,0.0,8.631947275716811e-05,11841,"[12, 3, 6, 7, 5, 0, 9, 15]","[(64, 'swish'), (32, 'swish'), (40, 'swish'), (40, 'relu'), (32, 'elu'), (16, 'swish'), (48, 'swish')]",-0.18302069030822402
24,0.998046875,0.950930655002594,0.9413735270500183,0.8977635502815247,32768,562,29,35,0.000453668246052598,0.003956069238483906,6353,"[0, 2, 12, 1, 3, 9, 0, 15]","[(16, 'swish'), (16, 'elu'), (64, 'swish'), (16, 'relu'), (32, 'swish'), (48, 'swish'), (16, 'swish')]",0.07486236669073436
25,1.0,1.0,1.0,1.0,32768,591,0,0,0.0,2.0489909729803912e-05,7473,"[7, 2, 14, 11, 15]","[(40, 'relu'), (16, 'elu'), (64, 'elu'), (48, 'elu')]",0.023787699446048974
26,1.0,1.0,1.0,1.0,32768,591,0,0,0.0,1.7993980918618036e-06,8913,"[10, 3, 11, 0, 3, 7, 15]","[(48, 'relu'), (32, 'swish'), (48, 'elu'), (16, 'swish'), (32, 'swish'), (40, 'relu')]",-0.04439089058283223
27,0.98284912109375,0.18443316221237183,0.5767195820808411,0.1624441146850586,32768,109,482,80,0.025999386464963876,0.1474168598651886,64,[15],[],0.35742513548700794
28,1.0,1.0,1.0,1.0,32768,591,0,0,0.0,4.0204686229117215e-06,14137,"[6, 4, 9, 9, 11, 6, 9, 15]","[(40, 'swish'), (32, 'relu'), (48, 'swish'), (48, 'swish'), (48, 'elu'), (40, 'swish'), (48, 'swish')]",-0.29172766440982906
29,0.998199462890625,0.9847715497016907,0.9208860993385315,0.9079563021659851,32768,582,9,50,0.003601070296938251,0.006162966601550579,8897,"[5, 14, 0, 8, 8, 2, 6, 15]","[(32, 'elu'), (64, 'elu'), (16, 'swish'), (40, 'elu'), (40, 'elu'), (16, 'elu'), (40, 'swish')]",-0.04543388780299744
