accuracy=0.9999906420707703
precision=0.9986358284950256
recall=0.9976736903190613
iou=0.9963158369064331
num=16777216
tp=42458
fp=58
fn=99
cd=2.2524927374010858e-07
loss=0.00170905573759228
size=37335
architecture=[(128, 'swish'), (96, 'elu'), (48, 'swish'), (32, 'relu'), (128, 'relu'), (16, 'swish')]
