accuracy=0.9999567866325378
precision=0.996099591255188
recall=0.9957292079925537
iou=0.9918619990348816
num=16777216
tp=88363
fp=346
fn=379
cd=4.987305255490371e-07
loss=0.0029542327392846346
size=21047
architecture={'main': [(128, 'swish'), (32, 'elu'), (32, 'elu'), (64, 'swish'), (16, 'swish'), (16, 'relu'), (1, '')], 'skip': []}
