type=sample_in_mask_with_neighbour
resolution=torch.Size([256, 256, 256])
voxel_size=0.0078125
voxel_num=16777216
object_num=88709
voxel_rate=0.005287468433380127
kernel_num=88709
support_sum=264013
unsupport_sum=460933
scale=2
support_num_scaled=528026
shuffle=True
