accuracy=0.9997591376304626
precision=0.9848122000694275
recall=0.9857384562492371
iou=0.9709775447845459
num=16777216
tp=135196
fp=2085
fn=1956
cd=1.883335785676944e-06
loss=0.009560083039104939
size=28039
architecture={'main': [(64, 'swish'), (96, 'swish'), (16, 'elu'), (128, 'elu'), (48, 'elu'), (48, 'swish'), (1, '')], 'skip': []}
