type=sample_in_mask_with_neighbour
resolution=torch.Size([256, 256, 256])
voxel_size=0.0078125
voxel_num=16777216
object_num=137281
voxel_rate=0.0081825852394104
kernel_num=137281
support_sum=408747
unsupport_sum=673897
scale=2
support_num_scaled=817494
shuffle=True
